9
15
19
6
11
13
3
15
18
7
20
10
6
17
11
7
16
18
3
15
1
20
19
18
10
5
3
4
20
11
13
15
19
2
11
2
18
16
1
10
8
20
6
13
5
18
19
18
4
18
15
4
3
14
10
4
6
10
5
5
14
11
2
7
20
14
17
7
8
14
12
17
2
10
20
17
9
18
9
1
4
16
5
4
9
18
8
16
6
8
15
10
20
7
2
14
10
16
7
13
14
3
1
12
14
3
1
9
12
5
6
6
5
5
20
14
18
1
8
20
7
16
5
3
6
18
12
8
15
9
4
1
10
9
1
16
2
3
9
5
6
5
4
16
13
11
4
13
16
2
2
5
19
3
17
19
18
20
16
7
12
6
2
11
5
7
9
5
11
4
4
6
8
17
9
3
20
17
6
13
15
16
6
17
9
5
13
10
15
4
9
9
1
17
4
11
15
15
7
12
4
10
12
18
8
12
10
14
19
17
7
13
3
20
4
8
20
18
9
2
15
16
11
17
19
8
19
9
4
16
12
19
5
12
15
5
15
8
20
19
7
13
14
8
11
6
15
1
4
14
11
1
10
14
5
12
3
7
1
17
18
20
4
2
19
12
10
1
17
13
15
2
9
12
8
20
3
11
12
6
3
15
9
10
13
12
12
9
16
18
20
20
15
7
19
19
17
14
2
2
13
16
14
19
16
20
17
1
16
7
3
14
9
14
15
12
13
18
1
17
19
10
19
1
3
3
2
7
1
6
13
15
16
10
9
17
8
17
13
11
4
2
18
10
11
12
8
19
5
12
1
3
6
8
8
2
2
17
13
1
7
11
14
5
11
20
11
19
12
7
2
14
4
16
19
14
5
2
8
8
6
8
16
6
11
6
11
11
13
7
3
7
18
10
5
14
17
13
4
6
